vesselCount = 8
UT = 61387046.031593867
gameMode = CAREER
gameNull = False
gameCompatible = True
funds = 3827681.3090695078
science = 4300
reputationPercent = 73
ongoingContracts = 6
missionCurrentScore = 0
missionIsStarted = False
missionIsEnded = False
missionHistoryId = 00000000-0000-0000-0000-000000000000
missionExpansionVersion = 
saveMD5 = 5ef9090cb2515f705e04a3568947ec41
