vesselCount = 7
UT = 60378687.312638834
gameMode = CAREER
gameNull = False
gameCompatible = True
funds = 3763114.9034718205
science = 4300
reputationPercent = 73
ongoingContracts = 5
missionCurrentScore = 0
missionIsStarted = False
missionIsEnded = False
missionHistoryId = 00000000-0000-0000-0000-000000000000
missionExpansionVersion = 
saveMD5 = 13aadc1feee63e01e62c0838f01cc0d1
