vesselCount = 0
UT = 2322.7566528312987
gameMode = CAREER
gameNull = False
gameCompatible = True
funds = 260641.29354286194
science = 27
reputationPercent = 5
ongoingContracts = 0
missionCurrentScore = 0
missionIsStarted = False
missionIsEnded = False
missionHistoryId = 00000000-0000-0000-0000-000000000000
missionExpansionVersion = 
saveMD5 = 150d7c0404f3447ae02449f4a84ae224
