vesselCount = 7
UT = 60377965.032520443
gameMode = CAREER
gameNull = False
gameCompatible = True
funds = 3949014.9034718205
science = 4300
reputationPercent = 73
ongoingContracts = 5
missionCurrentScore = 0
missionIsStarted = False
missionIsEnded = False
missionHistoryId = 00000000-0000-0000-0000-000000000000
missionExpansionVersion = 
saveMD5 = 94613e926e6a7036ddd93cf40478d83d
