vesselCount = 8
UT = 60345229.713592619
gameMode = CAREER
gameNull = False
gameCompatible = True
funds = 3941953.6937483479
science = 3400
reputationPercent = 73
ongoingContracts = 5
missionCurrentScore = 0
missionIsStarted = False
missionIsEnded = False
missionHistoryId = 00000000-0000-0000-0000-000000000000
missionExpansionVersion = 
saveMD5 = 9e185a9536b5063c4f02d5ab459d3c56
