vesselCount = 9
UT = 145170754.04681829
gameMode = CAREER
gameNull = False
gameCompatible = True
funds = 7567993.9835516252
science = 26743
reputationPercent = 78
ongoingContracts = 1
missionCurrentScore = 0
missionIsStarted = False
missionIsEnded = False
missionHistoryId = 00000000-0000-0000-0000-000000000000
missionExpansionVersion = 
saveMD5 = 522b2cc11bcb1bc92298f5335e8e80bf
