vesselCount = 10
UT = 89121553.821099505
gameMode = CAREER
gameNull = False
gameCompatible = True
funds = 5972375.1687041093
science = 18533
reputationPercent = 76
ongoingContracts = 3
missionCurrentScore = 0
missionIsStarted = False
missionIsEnded = False
missionHistoryId = 00000000-0000-0000-0000-000000000000
missionExpansionVersion = 
saveMD5 = 65a6e218d6057542297f7ff153ad382f
