vesselCount = 7
UT = 61882470.056601226
gameMode = CAREER
gameNull = False
gameCompatible = True
funds = 3856481.3090695078
science = 4303
reputationPercent = 73
ongoingContracts = 6
missionCurrentScore = 0
missionIsStarted = False
missionIsEnded = False
missionHistoryId = 00000000-0000-0000-0000-000000000000
missionExpansionVersion = 
saveMD5 = 810624b4cd560bf6c75ce67f2e54b42c
