vesselCount = 5
UT = 41467974.818675011
gameMode = CAREER
gameNull = False
gameCompatible = True
funds = 3127727.5784319569
science = 315
reputationPercent = 71
ongoingContracts = 3
missionCurrentScore = 0
missionIsStarted = False
missionIsEnded = False
missionHistoryId = 00000000-0000-0000-0000-000000000000
missionExpansionVersion = 
saveMD5 = 2a9f2d27814d6d052b168c3878d82987
