vesselCount = 12
UT = 145154310.18141261
gameMode = CAREER
gameNull = False
gameCompatible = True
funds = 7460216.7460180558
science = 26743
reputationPercent = 77
ongoingContracts = 3
missionCurrentScore = 0
missionIsStarted = False
missionIsEnded = False
missionHistoryId = 00000000-0000-0000-0000-000000000000
missionExpansionVersion = 
saveMD5 = 25ed5ae0fa1fad1a0933a885520eb000
