vesselCount = 6
UT = 62358318.602548763
gameMode = CAREER
gameNull = False
gameCompatible = True
funds = 4624567.3862796836
science = 4345
reputationPercent = 74
ongoingContracts = 6
missionCurrentScore = 0
missionIsStarted = False
missionIsEnded = False
missionHistoryId = 00000000-0000-0000-0000-000000000000
missionExpansionVersion = 
saveMD5 = 2021f2f1e1407404c5f785e13c250a57
