vesselCount = 4
UT = 1817099.9499357848
gameMode = CAREER
gameNull = False
gameCompatible = True
funds = 1379663.909203859
science = 231
reputationPercent = 64
ongoingContracts = 7
missionCurrentScore = 0
missionIsStarted = False
missionIsEnded = False
missionHistoryId = 00000000-0000-0000-0000-000000000000
missionExpansionVersion = 
saveMD5 = 6fd9d420180e75de447a6b6ad57899e3
