vesselCount = 6
UT = 45873784.494929537
gameMode = CAREER
gameNull = False
gameCompatible = True
funds = 3548047.5784319569
science = 328
reputationPercent = 72
ongoingContracts = 4
missionCurrentScore = 0
missionIsStarted = False
missionIsEnded = False
missionHistoryId = 00000000-0000-0000-0000-000000000000
missionExpansionVersion = 
saveMD5 = 448d0ee1d1a4b33ed6f4e10ded25e13e
