vesselCount = 4
UT = 34111283.97811038
gameMode = CAREER
gameNull = False
gameCompatible = True
funds = 3220864.0315569569
science = 315
reputationPercent = 71
ongoingContracts = 3
missionCurrentScore = 0
missionIsStarted = False
missionIsEnded = False
missionHistoryId = 00000000-0000-0000-0000-000000000000
missionExpansionVersion = 
saveMD5 = 0175d94fb5baa989f71e0d0cbb681d16
