vesselCount = 1
UT = 205811.12217463812
gameMode = CAREER
gameNull = False
gameCompatible = True
funds = 2073816.0675831339
science = 44
reputationPercent = 41
ongoingContracts = 7
missionCurrentScore = 0
missionIsStarted = False
missionIsEnded = False
missionHistoryId = 00000000-0000-0000-0000-000000000000
missionExpansionVersion = 
saveMD5 = 9251ea4306cb9ce33a4edd93f7dd43a7
