vesselCount = 4
UT = 2027971.0135827807
gameMode = CAREER
gameNull = False
gameCompatible = True
funds = 1633457.7682473895
science = 0
reputationPercent = 65
ongoingContracts = 7
missionCurrentScore = 0
missionIsStarted = False
missionIsEnded = False
missionHistoryId = 00000000-0000-0000-0000-000000000000
missionExpansionVersion = 
saveMD5 = 3c8b86881a4d6389cc97ed46439d8845
