vesselCount = 9
UT = 70313422.756565526
gameMode = CAREER
gameNull = False
gameCompatible = True
funds = 4439246.1607638411
science = 4409
reputationPercent = 74
ongoingContracts = 7
missionCurrentScore = 0
missionIsStarted = False
missionIsEnded = False
missionHistoryId = 00000000-0000-0000-0000-000000000000
missionExpansionVersion = 
saveMD5 = 6b1a08438035bae2e34879f113c4a682
