vesselCount = 2
UT = 4599512.4684439534
gameMode = CAREER
gameNull = False
gameCompatible = True
funds = 1278131.5141168567
science = 1
reputationPercent = 66
ongoingContracts = 4
missionCurrentScore = 0
missionIsStarted = False
missionIsEnded = False
missionHistoryId = 00000000-0000-0000-0000-000000000000
missionExpansionVersion = 
saveMD5 = 94ea1eefb1246477faf08fb508187166
