vesselCount = 3
UT = 5397676.1351860948
gameMode = CAREER
gameNull = False
gameCompatible = True
funds = 3114744.5462137195
science = 17
reputationPercent = 69
ongoingContracts = 1
missionCurrentScore = 0
missionIsStarted = False
missionIsEnded = False
missionHistoryId = 00000000-0000-0000-0000-000000000000
missionExpansionVersion = 
saveMD5 = 24e1f05ab3cfd35e1113f6f32586be46
