vesselCount = 1
UT = 114032.86677856451
gameMode = CAREER
gameNull = False
gameCompatible = True
funds = 1131719.2471669219
science = 9
reputationPercent = 34
ongoingContracts = 5
missionCurrentScore = 0
missionIsStarted = False
missionIsEnded = False
missionHistoryId = 00000000-0000-0000-0000-000000000000
missionExpansionVersion = 
saveMD5 = 02c831ca2fc7d50881c49a1ba3620c6d
