vesselCount = 7
UT = 63952416.264655776
gameMode = CAREER
gameNull = False
gameCompatible = True
funds = 4622504.1920138411
science = 4409
reputationPercent = 74
ongoingContracts = 7
missionCurrentScore = 0
missionIsStarted = False
missionIsEnded = False
missionHistoryId = 00000000-0000-0000-0000-000000000000
missionExpansionVersion = 
saveMD5 = 4b2bc2c55e2f88e9fee5dc633c028684
