vesselCount = 8
UT = 70378783.598341122
gameMode = CAREER
gameNull = False
gameCompatible = True
funds = 5531601.1946431221
science = 4430
reputationPercent = 75
ongoingContracts = 5
missionCurrentScore = 0
missionIsStarted = False
missionIsEnded = False
missionHistoryId = 00000000-0000-0000-0000-000000000000
missionExpansionVersion = 
saveMD5 = 49c0413a7783ff5c690a5f87f89e6e83
