vesselCount = 8
UT = 62555170.758887328
gameMode = CAREER
gameNull = False
gameCompatible = True
funds = 4596837.3862796836
science = 4345
reputationPercent = 74
ongoingContracts = 6
missionCurrentScore = 0
missionIsStarted = False
missionIsEnded = False
missionHistoryId = 00000000-0000-0000-0000-000000000000
missionExpansionVersion = 
saveMD5 = 618c683a477c8d3f0a792fbd9f9fbe9d
