vesselCount = 0
UT = 16417.265726878992
gameMode = CAREER
gameNull = False
gameCompatible = True
funds = 328807.48940658569
science = 10
reputationPercent = 10
ongoingContracts = 2
missionCurrentScore = 0
missionIsStarted = False
missionIsEnded = False
missionHistoryId = 00000000-0000-0000-0000-000000000000
missionExpansionVersion = 
saveMD5 = 1c2c4a72fb5fbdc4b3bf66d902d5eeef
