vesselCount = 8
UT = 70370118.997186869
gameMode = CAREER
gameNull = False
gameCompatible = True
funds = 5531601.1946431221
science = 4430
reputationPercent = 75
ongoingContracts = 5
missionCurrentScore = 0
missionIsStarted = False
missionIsEnded = False
missionHistoryId = 00000000-0000-0000-0000-000000000000
missionExpansionVersion = 
saveMD5 = 232d557a50206436cf4ed7d94c3d43d5
