vesselCount = 5
UT = 33779787.682029366
gameMode = CAREER
gameNull = False
gameCompatible = True
funds = 2595205.7402332951
science = 239
reputationPercent = 71
ongoingContracts = 4
missionCurrentScore = 0
missionIsStarted = False
missionIsEnded = False
missionHistoryId = 00000000-0000-0000-0000-000000000000
missionExpansionVersion = 
saveMD5 = 9f73dd0b337a757e0affa8bacbf3accc
