vesselCount = 6
UT = 45877615.248347498
gameMode = CAREER
gameNull = False
gameCompatible = True
funds = 3656047.5784319569
science = 332
reputationPercent = 72
ongoingContracts = 4
missionCurrentScore = 0
missionIsStarted = False
missionIsEnded = False
missionHistoryId = 00000000-0000-0000-0000-000000000000
missionExpansionVersion = 
saveMD5 = 40d360b9b896626074bf83911a37661a
