vesselCount = 0
UT = 108197.72274731465
gameMode = CAREER
gameNull = False
gameCompatible = True
funds = 788328.04645281064
science = 32
reputationPercent = 26
ongoingContracts = 1
missionCurrentScore = 0
missionIsStarted = False
missionIsEnded = False
missionHistoryId = 00000000-0000-0000-0000-000000000000
missionExpansionVersion = 
saveMD5 = 972bc45c0d089177eef640ff0cea8a15
