vesselCount = 4
UT = 41361609.150818929
gameMode = CAREER
gameNull = False
gameCompatible = True
funds = 3220864.0315569569
science = 315
reputationPercent = 71
ongoingContracts = 3
missionCurrentScore = 0
missionIsStarted = False
missionIsEnded = False
missionHistoryId = 00000000-0000-0000-0000-000000000000
missionExpansionVersion = 
saveMD5 = 6039b2b43288d6d409d332e4e03b8980
