vesselCount = 10
UT = 149756514.51242447
gameMode = CAREER
gameNull = False
gameCompatible = True
funds = 7468899.8663641252
science = 26743
reputationPercent = 78
ongoingContracts = 1
missionCurrentScore = 0
missionIsStarted = False
missionIsEnded = False
missionHistoryId = 00000000-0000-0000-0000-000000000000
missionExpansionVersion = 
saveMD5 = 530a4c89fb1347b233cabd3cc876b525
