vesselCount = 5
UT = 60254068.598922387
gameMode = CAREER
gameNull = False
gameCompatible = True
funds = 4044970.5374983479
science = 3400
reputationPercent = 73
ongoingContracts = 4
missionCurrentScore = 0
missionIsStarted = False
missionIsEnded = False
missionHistoryId = 00000000-0000-0000-0000-000000000000
missionExpansionVersion = 
saveMD5 = 9a339e8d6a8653cb49d564b904ac3a85
