vesselCount = 4
UT = 254016.15959136907
gameMode = CAREER
gameNull = False
gameCompatible = True
funds = 2432510.2937354348
science = 44
reputationPercent = 44
ongoingContracts = 10
missionCurrentScore = 0
missionIsStarted = False
missionIsEnded = False
missionHistoryId = 00000000-0000-0000-0000-000000000000
missionExpansionVersion = 
saveMD5 = 36a982d6f8bc2cae1b3bd85c36211213
