vesselCount = 0
UT = 62848.653256180631
gameMode = CAREER
gameNull = False
gameCompatible = True
funds = 355372.06399679184
science = 6
reputationPercent = 19
ongoingContracts = 2
missionCurrentScore = 0
missionIsStarted = False
missionIsEnded = False
missionHistoryId = 00000000-0000-0000-0000-000000000000
missionExpansionVersion = 
saveMD5 = 7fed8f60c10cdb5e0049f210ef1be036
