vesselCount = 8
UT = 70260213.061432302
gameMode = CAREER
gameNull = False
gameCompatible = True
funds = 4439246.1607638411
science = 4409
reputationPercent = 74
ongoingContracts = 7
missionCurrentScore = 0
missionIsStarted = False
missionIsEnded = False
missionHistoryId = 00000000-0000-0000-0000-000000000000
missionExpansionVersion = 
saveMD5 = 69b3522eeacda73c488248be5ae69dfd
