vesselCount = 8
UT = 108603049.42990303
gameMode = CAREER
gameNull = False
gameCompatible = True
funds = 6791658.9944284335
science = 18544
reputationPercent = 77
ongoingContracts = 3
missionCurrentScore = 0
missionIsStarted = False
missionIsEnded = False
missionHistoryId = 00000000-0000-0000-0000-000000000000
missionExpansionVersion = 
saveMD5 = 16a471d6150ee6f2b887e4571a2968b5
