vesselCount = 5
UT = 257744.07229360577
gameMode = CAREER
gameNull = False
gameCompatible = True
funds = 2441282.2937354348
science = 46
reputationPercent = 45
ongoingContracts = 10
missionCurrentScore = 0
missionIsStarted = False
missionIsEnded = False
missionHistoryId = 00000000-0000-0000-0000-000000000000
missionExpansionVersion = 
saveMD5 = 994b023d40d78b57c6e4a3f92190488a
