vesselCount = 8
UT = 70260359.761401698
gameMode = CAREER
gameNull = False
gameCompatible = True
funds = 4439246.1607638411
science = 4409
reputationPercent = 74
ongoingContracts = 7
missionCurrentScore = 0
missionIsStarted = False
missionIsEnded = False
missionHistoryId = 00000000-0000-0000-0000-000000000000
missionExpansionVersion = 
saveMD5 = 1be5f28028ca240a4fa5bf6717f8a0ba
