vesselCount = 7
UT = 62475677.169549033
gameMode = CAREER
gameNull = False
gameCompatible = True
funds = 4596837.3862796836
science = 4345
reputationPercent = 74
ongoingContracts = 6
missionCurrentScore = 0
missionIsStarted = False
missionIsEnded = False
missionHistoryId = 00000000-0000-0000-0000-000000000000
missionExpansionVersion = 
saveMD5 = 9653bdc1f132e5324ad8856455657cc9
