vesselCount = 7
UT = 60388462.835791044
gameMode = CAREER
gameNull = False
gameCompatible = True
funds = 3997580.9340695078
science = 4300
reputationPercent = 73
ongoingContracts = 6
missionCurrentScore = 0
missionIsStarted = False
missionIsEnded = False
missionHistoryId = 00000000-0000-0000-0000-000000000000
missionExpansionVersion = 
saveMD5 = 71078bd7deae0fa396a1400801ff2ce7
