vesselCount = 5
UT = 46635495.523711011
gameMode = CAREER
gameNull = False
gameCompatible = True
funds = 3692047.5784319569
science = 333
reputationPercent = 72
ongoingContracts = 4
missionCurrentScore = 0
missionIsStarted = False
missionIsEnded = False
missionHistoryId = 00000000-0000-0000-0000-000000000000
missionExpansionVersion = 
saveMD5 = 63b16690538719bb236eea2336aafc85
