vesselCount = 12
UT = 145154308.16141152
gameMode = CAREER
gameNull = False
gameCompatible = True
funds = 7460216.7460180558
science = 26743
reputationPercent = 77
ongoingContracts = 3
missionCurrentScore = 0
missionIsStarted = False
missionIsEnded = False
missionHistoryId = 00000000-0000-0000-0000-000000000000
missionExpansionVersion = 
saveMD5 = 71890d8b217f3e67720303010d4b4fa8
