vesselCount = 8
UT = 108603259.56566434
gameMode = CAREER
gameNull = False
gameCompatible = True
funds = 6791658.9944284335
science = 18544
reputationPercent = 77
ongoingContracts = 3
missionCurrentScore = 0
missionIsStarted = False
missionIsEnded = False
missionHistoryId = 00000000-0000-0000-0000-000000000000
missionExpansionVersion = 
saveMD5 = 5357c1e6a9846e4e39432967f8a493b5
