vesselCount = 4
UT = 1442081.4515889662
gameMode = CAREER
gameNull = False
gameCompatible = True
funds = 786528.9297828991
science = 2
reputationPercent = 59
ongoingContracts = 7
missionCurrentScore = 0
missionIsStarted = False
missionIsEnded = False
missionHistoryId = 00000000-0000-0000-0000-000000000000
missionExpansionVersion = 
saveMD5 = 30d1dfcb922965312ba4f26aba533c62
