vesselCount = 7
UT = 60292001.65481171
gameMode = CAREER
gameNull = False
gameCompatible = True
funds = 3975341.5296858479
science = 3400
reputationPercent = 73
ongoingContracts = 4
missionCurrentScore = 0
missionIsStarted = False
missionIsEnded = False
missionHistoryId = 00000000-0000-0000-0000-000000000000
missionExpansionVersion = 
saveMD5 = 5cd9287ae412c16f88335b4dfb5363a0
