vesselCount = 8
UT = 89140432.150876269
gameMode = CAREER
gameNull = False
gameCompatible = True
funds = 5992261.7277918626
science = 18533
reputationPercent = 76
ongoingContracts = 2
missionCurrentScore = 0
missionIsStarted = False
missionIsEnded = False
missionHistoryId = 00000000-0000-0000-0000-000000000000
missionExpansionVersion = 
saveMD5 = 4cf4dcfce7b7af34c5e2bc2e8fbe5893
