vesselCount = 3
UT = 5397711.0551853143
gameMode = CAREER
gameNull = False
gameCompatible = True
funds = 2269744.5462137195
science = 17
reputationPercent = 69
ongoingContracts = 2
missionCurrentScore = 0
missionIsStarted = False
missionIsEnded = False
missionHistoryId = 00000000-0000-0000-0000-000000000000
missionExpansionVersion = 
saveMD5 = 63ba8a1ddba899f4acda9be1158551f0
