vesselCount = 9
UT = 70379504.758190677
gameMode = CAREER
gameNull = False
gameCompatible = True
funds = 5555001.1946431221
science = 4430
reputationPercent = 75
ongoingContracts = 6
missionCurrentScore = 0
missionIsStarted = False
missionIsEnded = False
missionHistoryId = 00000000-0000-0000-0000-000000000000
missionExpansionVersion = 
saveMD5 = 2a56386fb6e2e50e150d0a388dc3c027
