vesselCount = 8
UT = 108578474.35639459
gameMode = CAREER
gameNull = False
gameCompatible = True
funds = 6453325.6821063999
science = 18544
reputationPercent = 76
ongoingContracts = 4
missionCurrentScore = 0
missionIsStarted = False
missionIsEnded = False
missionHistoryId = 00000000-0000-0000-0000-000000000000
missionExpansionVersion = 
saveMD5 = 37920717f93b955d94dbae1acb910cb5
