vesselCount = 9
UT = 70348626.021282792
gameMode = CAREER
gameNull = False
gameCompatible = True
funds = 5531601.1946431221
science = 4430
reputationPercent = 75
ongoingContracts = 5
missionCurrentScore = 0
missionIsStarted = False
missionIsEnded = False
missionHistoryId = 00000000-0000-0000-0000-000000000000
missionExpansionVersion = 
saveMD5 = 4019757fb412c94943deced71ef851b1
