vesselCount = 6
UT = 62358393.842561096
gameMode = CAREER
gameNull = False
gameCompatible = True
funds = 4624567.3862796836
science = 4345
reputationPercent = 74
ongoingContracts = 6
missionCurrentScore = 0
missionIsStarted = False
missionIsEnded = False
missionHistoryId = 00000000-0000-0000-0000-000000000000
missionExpansionVersion = 
saveMD5 = 105949ac61240bb3c425ed9e3f446555
