vesselCount = 4
UT = 1817097.6699357827
gameMode = CAREER
gameNull = False
gameCompatible = True
funds = 1379663.909203859
science = 231
reputationPercent = 64
ongoingContracts = 7
missionCurrentScore = 0
missionIsStarted = False
missionIsEnded = False
missionHistoryId = 00000000-0000-0000-0000-000000000000
missionExpansionVersion = 
saveMD5 = 280d6b01e14019ef39844eb9ff84bf06
