vesselCount = 0
UT = 68930.69688540927
gameMode = CAREER
gameNull = False
gameCompatible = True
funds = 582210.91545419919
science = 20
reputationPercent = 23
ongoingContracts = 2
missionCurrentScore = 0
missionIsStarted = False
missionIsEnded = False
missionHistoryId = 00000000-0000-0000-0000-000000000000
missionExpansionVersion = 
saveMD5 = 0983e0da18043f50df1fce93345f1b70
