vesselCount = 4
UT = 409180.87749347067
gameMode = CAREER
gameNull = False
gameCompatible = True
funds = 2791970.1754994201
science = 46
reputationPercent = 48
ongoingContracts = 12
missionCurrentScore = 0
missionIsStarted = False
missionIsEnded = False
missionHistoryId = 00000000-0000-0000-0000-000000000000
missionExpansionVersion = 
saveMD5 = 3312ffb8f09e894f55784753810119c2
