vesselCount = 8
UT = 94509321.349636003
gameMode = CAREER
gameNull = False
gameCompatible = True
funds = 5992261.7277918626
science = 18533
reputationPercent = 76
ongoingContracts = 2
missionCurrentScore = 0
missionIsStarted = False
missionIsEnded = False
missionHistoryId = 00000000-0000-0000-0000-000000000000
missionExpansionVersion = 
saveMD5 = 82b67d58a0564d2f4c74840f29842631
