vesselCount = 9
UT = 60334744.404008389
gameMode = CAREER
gameNull = False
gameCompatible = True
funds = 3894141.6937483479
science = 3400
reputationPercent = 73
ongoingContracts = 4
missionCurrentScore = 0
missionIsStarted = False
missionIsEnded = False
missionHistoryId = 00000000-0000-0000-0000-000000000000
missionExpansionVersion = 
saveMD5 = 57f5b6b7fca48a3e98b6944d53404413
