vesselCount = 5
UT = 12748275.794120036
gameMode = CAREER
gameNull = False
gameCompatible = True
funds = 2592229.5774637195
science = 36
reputationPercent = 70
ongoingContracts = 2
missionCurrentScore = 0
missionIsStarted = False
missionIsEnded = False
missionHistoryId = 00000000-0000-0000-0000-000000000000
missionExpansionVersion = 
saveMD5 = 5c69b69629df41375db1bfbd4cfda347
