vesselCount = 9
UT = 70268756.496510804
gameMode = CAREER
gameNull = False
gameCompatible = True
funds = 4439246.1607638411
science = 4409
reputationPercent = 74
ongoingContracts = 7
missionCurrentScore = 0
missionIsStarted = False
missionIsEnded = False
missionHistoryId = 00000000-0000-0000-0000-000000000000
missionExpansionVersion = 
saveMD5 = 2e933d11618345b6e273abf154e4cb47
