vesselCount = 8
UT = 70335576.658360302
gameMode = CAREER
gameNull = False
gameCompatible = True
funds = 4969886.1607638411
science = 4424
reputationPercent = 75
ongoingContracts = 6
missionCurrentScore = 0
missionIsStarted = False
missionIsEnded = False
missionHistoryId = 00000000-0000-0000-0000-000000000000
missionExpansionVersion = 
saveMD5 = 53e03f4ff85ea5027ce9a9de534acaf5
