vesselCount = 4
UT = 5481375.7736327881
gameMode = CAREER
gameNull = False
gameCompatible = True
funds = 2270949.5774637195
science = 22
reputationPercent = 69
ongoingContracts = 2
missionCurrentScore = 0
missionIsStarted = False
missionIsEnded = False
missionHistoryId = 00000000-0000-0000-0000-000000000000
missionExpansionVersion = 
saveMD5 = 5f61d62f2d2f10bf6ee9b0170344293e
