vesselCount = 9
UT = 108553968.59598707
gameMode = CAREER
gameNull = False
gameCompatible = True
funds = 6278261.7277918626
science = 18544
reputationPercent = 76
ongoingContracts = 2
missionCurrentScore = 0
missionIsStarted = False
missionIsEnded = False
missionHistoryId = 00000000-0000-0000-0000-000000000000
missionExpansionVersion = 
saveMD5 = 291692143f3d1252a0843b33f030c535
