vesselCount = 1
UT = 168425.40042728663
gameMode = CAREER
gameNull = False
gameCompatible = True
funds = 1567613.5636113188
science = 41
reputationPercent = 38
ongoingContracts = 7
missionCurrentScore = 0
missionIsStarted = False
missionIsEnded = False
missionHistoryId = 00000000-0000-0000-0000-000000000000
missionExpansionVersion = 
saveMD5 = 48c71f9946333a00f4dd18e760831bf1
