vesselCount = 5
UT = 1823784.0953878986
gameMode = CAREER
gameNull = False
gameCompatible = True
funds = 1536511.8476669271
science = 231
reputationPercent = 65
ongoingContracts = 6
missionCurrentScore = 0
missionIsStarted = False
missionIsEnded = False
missionHistoryId = 00000000-0000-0000-0000-000000000000
missionExpansionVersion = 
saveMD5 = 05d3337a3b4c10d9b65525fbea481b32
