vesselCount = 8
UT = 108568841.04440792
gameMode = CAREER
gameNull = False
gameCompatible = True
funds = 6278261.7277918626
science = 18544
reputationPercent = 76
ongoingContracts = 2
missionCurrentScore = 0
missionIsStarted = False
missionIsEnded = False
missionHistoryId = 00000000-0000-0000-0000-000000000000
missionExpansionVersion = 
saveMD5 = 093d64f9cea9729f7de43a9a8e6cdd44
