vesselCount = 8
UT = 60345213.533589967
gameMode = CAREER
gameNull = False
gameCompatible = True
funds = 3941953.6937483479
science = 3400
reputationPercent = 73
ongoingContracts = 5
missionCurrentScore = 0
missionIsStarted = False
missionIsEnded = False
missionHistoryId = 00000000-0000-0000-0000-000000000000
missionExpansionVersion = 
saveMD5 = 0f667c2f9fe07df0b54d65db5b3a427f
