vesselCount = 5
UT = 2028653.8128995274
gameMode = CAREER
gameNull = False
gameCompatible = True
funds = 1605887.7662942645
science = 0
reputationPercent = 65
ongoingContracts = 7
missionCurrentScore = 0
missionIsStarted = False
missionIsEnded = False
missionHistoryId = 00000000-0000-0000-0000-000000000000
missionExpansionVersion = 
saveMD5 = 32f16cf359ddaa627f27ed5dcc27bc4d
