vesselCount = 4
UT = 925511.92380604788
gameMode = CAREER
gameNull = False
gameCompatible = True
funds = 3334658.7670312463
science = 1481
reputationPercent = 58
ongoingContracts = 8
missionCurrentScore = 0
missionIsStarted = False
missionIsEnded = False
missionHistoryId = 00000000-0000-0000-0000-000000000000
missionExpansionVersion = 
saveMD5 = 259fc3d63bed58eac2ddafa8bc22cddd
