vesselCount = 10
UT = 145171437.49211478
gameMode = CAREER
gameNull = False
gameCompatible = True
funds = 7468899.8663641252
science = 26743
reputationPercent = 78
ongoingContracts = 1
missionCurrentScore = 0
missionIsStarted = False
missionIsEnded = False
missionHistoryId = 00000000-0000-0000-0000-000000000000
missionExpansionVersion = 
saveMD5 = 03755da7e5ddee27eb574a46773058a4
