vesselCount = 4
UT = 5398304.0250945827
gameMode = CAREER
gameNull = False
gameCompatible = True
funds = 2173669.5774637195
science = 17
reputationPercent = 69
ongoingContracts = 2
missionCurrentScore = 0
missionIsStarted = False
missionIsEnded = False
missionHistoryId = 00000000-0000-0000-0000-000000000000
missionExpansionVersion = 
saveMD5 = 127e9899775ea126c22b4580187e33b9
