vesselCount = 3
UT = 1536594.8125964471
gameMode = CAREER
gameNull = False
gameCompatible = True
funds = 1206776.8964596111
science = 24
reputationPercent = 62
ongoingContracts = 7
missionCurrentScore = 0
missionIsStarted = False
missionIsEnded = False
missionHistoryId = 00000000-0000-0000-0000-000000000000
missionExpansionVersion = 
saveMD5 = 9c468bb4d494d8d39f82e3568888b226
