vesselCount = 0
UT = 2255.6366528313597
gameMode = CAREER
gameNull = False
gameCompatible = True
funds = 260641.29354286194
science = 27
reputationPercent = 5
ongoingContracts = 0
missionCurrentScore = 0
missionIsStarted = False
missionIsEnded = False
missionHistoryId = 00000000-0000-0000-0000-000000000000
missionExpansionVersion = 
saveMD5 = 972b80bf2abf65b5a94131de551ac6d8
