vesselCount = 3
UT = 4599091.1084533716
gameMode = CAREER
gameNull = False
gameCompatible = True
funds = 1780217.968862534
science = 0
reputationPercent = 66
ongoingContracts = 5
missionCurrentScore = 0
missionIsStarted = False
missionIsEnded = False
missionHistoryId = 00000000-0000-0000-0000-000000000000
missionExpansionVersion = 
saveMD5 = 059ce4c4ebb7930212d7b7a9642372cb
