vesselCount = 4
UT = 447050.4456955457
gameMode = CAREER
gameNull = False
gameCompatible = True
funds = 3589916.2289585876
science = 46
reputationPercent = 53
ongoingContracts = 10
missionCurrentScore = 0
missionIsStarted = False
missionIsEnded = False
missionHistoryId = 00000000-0000-0000-0000-000000000000
missionExpansionVersion = 
saveMD5 = 627e64e2e1a5b4a64115befbce1a2e54
