vesselCount = 8
UT = 89139212.629050925
gameMode = CAREER
gameNull = False
gameCompatible = True
funds = 5992261.7277918626
science = 18533
reputationPercent = 76
ongoingContracts = 2
missionCurrentScore = 0
missionIsStarted = False
missionIsEnded = False
missionHistoryId = 00000000-0000-0000-0000-000000000000
missionExpansionVersion = 
saveMD5 = 56e81bcc435c91c9eac015d89eac1b19
