vesselCount = 8
UT = 60347360.953941956
gameMode = CAREER
gameNull = False
gameCompatible = True
funds = 3941953.6937483479
science = 3400
reputationPercent = 73
ongoingContracts = 5
missionCurrentScore = 0
missionIsStarted = False
missionIsEnded = False
missionHistoryId = 00000000-0000-0000-0000-000000000000
missionExpansionVersion = 
saveMD5 = 2ddab6c6017df7da93d895ee3a8f64c2
