vesselCount = 5
UT = 923375.21145815775
gameMode = CAREER
gameNull = False
gameCompatible = True
funds = 3159476.109412651
science = 1481
reputationPercent = 56
ongoingContracts = 11
missionCurrentScore = 0
missionIsStarted = False
missionIsEnded = False
missionHistoryId = 00000000-0000-0000-0000-000000000000
missionExpansionVersion = 
saveMD5 = 91da352761f0737970e3b3f06f641a3c
