vesselCount = 5
UT = 1471936.2503653525
gameMode = CAREER
gameNull = False
gameCompatible = True
funds = 827926.8829078991
science = 8
reputationPercent = 60
ongoingContracts = 7
missionCurrentScore = 0
missionIsStarted = False
missionIsEnded = False
missionHistoryId = 00000000-0000-0000-0000-000000000000
missionExpansionVersion = 
saveMD5 = 5eb64ca5ad0cad28b2cd7a95ded4c460
