vesselCount = 0
UT = 2321.4966528312998
gameMode = CAREER
gameNull = False
gameCompatible = True
funds = 260641.29354286194
science = 27
reputationPercent = 5
ongoingContracts = 0
missionCurrentScore = 0
missionIsStarted = False
missionIsEnded = False
missionHistoryId = 00000000-0000-0000-0000-000000000000
missionExpansionVersion = 
saveMD5 = 1d21abe8378a874fc083649d107c515d
