vesselCount = 3
UT = 1491942.1114384432
gameMode = CAREER
gameNull = False
gameCompatible = True
funds = 1152356.8964596111
science = 18
reputationPercent = 62
ongoingContracts = 7
missionCurrentScore = 0
missionIsStarted = False
missionIsEnded = False
missionHistoryId = 00000000-0000-0000-0000-000000000000
missionExpansionVersion = 
saveMD5 = 040854203409cb508fdf9b96ae19024b
