vesselCount = 6
UT = 45872118.093232222
gameMode = CAREER
gameNull = False
gameCompatible = True
funds = 3498047.5784319569
science = 326
reputationPercent = 72
ongoingContracts = 4
missionCurrentScore = 0
missionIsStarted = False
missionIsEnded = False
missionHistoryId = 00000000-0000-0000-0000-000000000000
missionExpansionVersion = 
saveMD5 = 99303c650a3f66e4e317db804454e6f7
