vesselCount = 4
UT = 912532.43649641285
gameMode = CAREER
gameNull = False
gameCompatible = True
funds = 3145952.2790684509
science = 1481
reputationPercent = 55
ongoingContracts = 9
missionCurrentScore = 0
missionIsStarted = False
missionIsEnded = False
missionHistoryId = 00000000-0000-0000-0000-000000000000
missionExpansionVersion = 
saveMD5 = 16e8f46b9d0362ed13468637cf714e92
