vesselCount = 0
UT = 108185.08274731207
gameMode = CAREER
gameNull = False
gameCompatible = True
funds = 788328.04645281064
science = 320
reputationPercent = 26
ongoingContracts = 1
missionCurrentScore = 0
missionIsStarted = False
missionIsEnded = False
missionHistoryId = 00000000-0000-0000-0000-000000000000
missionExpansionVersion = 
saveMD5 = 19e1105c74c2c608ce49663f8f11f83d
