vesselCount = 8
UT = 108573521.60752876
gameMode = CAREER
gameNull = False
gameCompatible = True
funds = 6278261.7277918626
science = 18544
reputationPercent = 76
ongoingContracts = 2
missionCurrentScore = 0
missionIsStarted = False
missionIsEnded = False
missionHistoryId = 00000000-0000-0000-0000-000000000000
missionExpansionVersion = 
saveMD5 = 7530e67eeb2f85778c5bd41fb134b505
