vesselCount = 8
UT = 61388251.822053693
gameMode = CAREER
gameNull = False
gameCompatible = True
funds = 3856481.3090695078
science = 4303
reputationPercent = 73
ongoingContracts = 6
missionCurrentScore = 0
missionIsStarted = False
missionIsEnded = False
missionHistoryId = 00000000-0000-0000-0000-000000000000
missionExpansionVersion = 
saveMD5 = 84d71908caa1aab4198d8f7ca45c3d4e
