vesselCount = 0
UT = 986.85353759756151
gameMode = CAREER
gameNull = False
gameCompatible = True
funds = 245519.16006755829
science = 42
reputationPercent = 4
ongoingContracts = 0
missionCurrentScore = 0
missionIsStarted = False
missionIsEnded = False
missionHistoryId = 00000000-0000-0000-0000-000000000000
missionExpansionVersion = 
saveMD5 = 3b989232a19655d2449f61e24b2f504c
