vesselCount = 5
UT = 33509398.704040274
gameMode = CAREER
gameNull = False
gameCompatible = True
funds = 2699589.5774637195
science = 40
reputationPercent = 70
ongoingContracts = 2
missionCurrentScore = 0
missionIsStarted = False
missionIsEnded = False
missionHistoryId = 00000000-0000-0000-0000-000000000000
missionExpansionVersion = 
saveMD5 = 5e86e9ecc313e33132db8c3d1322aa06
