vesselCount = 9
UT = 126673754.5019628
gameMode = CAREER
gameNull = False
gameCompatible = True
funds = 6791658.9944284335
science = 18544
reputationPercent = 77
ongoingContracts = 3
missionCurrentScore = 0
missionIsStarted = False
missionIsEnded = False
missionHistoryId = 00000000-0000-0000-0000-000000000000
missionExpansionVersion = 
saveMD5 = 67bd39883d21be91e025061b75caafb9
