vesselCount = 4
UT = 33789709.184269816
gameMode = CAREER
gameNull = False
gameCompatible = True
funds = 2619581.7402332951
science = 239
reputationPercent = 71
ongoingContracts = 4
missionCurrentScore = 0
missionIsStarted = False
missionIsEnded = False
missionHistoryId = 00000000-0000-0000-0000-000000000000
missionExpansionVersion = 
saveMD5 = 99e0b336b709a4077de2f5ecdfbdc983
