vesselCount = 8
UT = 60339090.304720737
gameMode = CAREER
gameNull = False
gameCompatible = True
funds = 3941953.6937483479
science = 3400
reputationPercent = 73
ongoingContracts = 5
missionCurrentScore = 0
missionIsStarted = False
missionIsEnded = False
missionHistoryId = 00000000-0000-0000-0000-000000000000
missionExpansionVersion = 
saveMD5 = 0702a15b64b143c24d0941f331aced56
