vesselCount = 7
UT = 60285835.08868555
gameMode = CAREER
gameNull = False
gameCompatible = True
funds = 3962512.6527327229
science = 3410
reputationPercent = 73
ongoingContracts = 4
missionCurrentScore = 0
missionIsStarted = False
missionIsEnded = False
missionHistoryId = 00000000-0000-0000-0000-000000000000
missionExpansionVersion = 
saveMD5 = 19daa252a1f206d15c752d0e6092cb7e
