vesselCount = 0
UT = 3037.076672361909
gameMode = CAREER
gameNull = False
gameCompatible = True
funds = 189748.77496528625
science = 27
reputationPercent = 7
ongoingContracts = 2
missionCurrentScore = 0
missionIsStarted = False
missionIsEnded = False
missionHistoryId = 00000000-0000-0000-0000-000000000000
missionExpansionVersion = 
saveMD5 = 06cff3d72f4c034890e461feb9df2c26
