vesselCount = 7
UT = 62570049.839570917
gameMode = CAREER
gameNull = False
gameCompatible = True
funds = 4622504.1920138411
science = 4409
reputationPercent = 74
ongoingContracts = 7
missionCurrentScore = 0
missionIsStarted = False
missionIsEnded = False
missionHistoryId = 00000000-0000-0000-0000-000000000000
missionExpansionVersion = 
saveMD5 = 3a65ab5367cc36a98b190048f035acbb
