vesselCount = 10
UT = 145169807.84209949
gameMode = CAREER
gameNull = False
gameCompatible = True
funds = 7447736.7479711808
science = 26743
reputationPercent = 78
ongoingContracts = 3
missionCurrentScore = 0
missionIsStarted = False
missionIsEnded = False
missionHistoryId = 00000000-0000-0000-0000-000000000000
missionExpansionVersion = 
saveMD5 = 2e501b08e19b6c9255154c4b9b80d33f
