vesselCount = 4
UT = 1521011.315062931
gameMode = CAREER
gameNull = False
gameCompatible = True
funds = 1127736.8964596111
science = 18
reputationPercent = 62
ongoingContracts = 7
missionCurrentScore = 0
missionIsStarted = False
missionIsEnded = False
missionHistoryId = 00000000-0000-0000-0000-000000000000
missionExpansionVersion = 
saveMD5 = 1aef7c67fe83d184d4213663d9177d89
