vesselCount = 9
UT = 70359507.823740661
gameMode = CAREER
gameNull = False
gameCompatible = True
funds = 5531601.1946431221
science = 4430
reputationPercent = 75
ongoingContracts = 5
missionCurrentScore = 0
missionIsStarted = False
missionIsEnded = False
missionHistoryId = 00000000-0000-0000-0000-000000000000
missionExpansionVersion = 
saveMD5 = 683e22f220076e8cdec620231371f6de
