vesselCount = 7
UT = 60378895.032672882
gameMode = CAREER
gameNull = False
gameCompatible = True
funds = 3997580.9340695078
science = 4300
reputationPercent = 73
ongoingContracts = 6
missionCurrentScore = 0
missionIsStarted = False
missionIsEnded = False
missionHistoryId = 00000000-0000-0000-0000-000000000000
missionExpansionVersion = 
saveMD5 = 3c4830c2d1ea4e64e34b727175ff5705
