vesselCount = 4
UT = 33597304.208504446
gameMode = CAREER
gameNull = False
gameCompatible = True
funds = 2545747.7402332951
science = 239
reputationPercent = 71
ongoingContracts = 4
missionCurrentScore = 0
missionIsStarted = False
missionIsEnded = False
missionHistoryId = 00000000-0000-0000-0000-000000000000
missionExpansionVersion = 
saveMD5 = 9fb686234e300bc7835ed8b35da0628b
